001-101445;4;4;5
001-100537;4;4;5
001-100561;4;4;5
001-101251;
001-101413;
001-101241;4;4;5
001-100710;4;4;5;;;7;6;;;1;3;6;;;5;0;2;;;4;4;0;;;2;1;6
001-100590;4;4;5;;;3;8;;;3;2;5;;;4;0;6;;;2;1;6
001-100418;4;4;5
001-100700;4;5;1;;;4;2;5;;;4;2;9;;;2;0;3;;;3;1;9;;;2;6;8;;;3;5;8;;;3;6;5;;;3;7;6;;;3;4;3;;;1;0;0
001-100404;1;4;5;;;1;5;1;;;2;0;2;;;2;6;6;;;1;8;3;;;4;9;8;;;1;4;;;1;2;8;;;3;5;4;;;2;1;6
001-122477;4;4;8;;;9;3;;;3;0;7;;;4;5;1;;;4;2;9;;;3;1;9;;;1;4;;;2;1;6
001-101193;4;4;5;;;7;6;;;4;0;6
001-122502;1;4;9;;;1;4;8;;;2;0;1;;;2;6;5;;;3;2;7;;;3;5;6;;;3;6;2;;;3;7;9;;;1;4;;;2;3;6;;;2;3;8
001-100812;3;5;0
001-100955;1;4;9
001-100660;4;4;9
001-100977;
001-122701;4;4;5;;;7;6;;;1;3;6;;;8;6
001-100140;4;4;5
001-100593;1;4;;;1;2;8;;;4;4;9;;;2;3;1;;;4;9;6;;;4;;;8;4;;;1;1;1;;;4;4;5;;;4;0;;;7
001-100861;4;4;5;;;1;3;;;4;1;;;1;3;6;;;2;1;6
001-100484;4;4;5;;;4;4;4
001-100802;4;4;4;;;1;1;0;;;3;6;9;;;9;4;;;3;5;4;;;2;1;6
001-100694;4;4;4;;;1;1;0;;;4;4;5;;;4;0;;;4;0;6;;;2;1;6
001-100849;1;4;;;1;2;8;;;4;4;5;;;1;8;0;;;2;1;6
001-101427;
001-100375;3;5;0;;;9;0
001-100265;4;4;9;;;5;9;5;;;2;3;1;;;3;5;0;;;9;0;;;1;9;3;;;4;9;2;;;1;2;1;;;5;9;4;;;2;1;6;;;5;7;7;;;2;8;3;;;3;0;5
001-101232;4;4;8;;;3;5;0
001-101224;4;4;4;;;1;1;0;;;3;5;0;;;9;0;;;1;9;3;;;6;0;9;;;4;7;8;;;2;1;6
001-100339;4;4;5;;;4;1;;;4;0;6;;;2;1;6
001-100631;2;6;;;1;2;6;;;2;1;4;;;1;2;1;;;3;5;0;;;4;9;2;;;4;4;4;;;2;3;;;1;1;0;;;4;4;8;;;9;3;;;1;3;0;;;2;2;0;;;2;9;7;;;3;3;7;;;3;3;9;;;4;3;5;;;4;3;8;;;2;7;6;;;4;5;1
001-100029;4;4;9;;;3;5;0;;;4;4;8;;;4;4;4
001-122475;4;5;1;;;4;2;5;;;3;4;3;;;4;4;;;1;0;0;;;2;3;8
001-101096;4;4;5
001-100469;4;5;1;;;4;2;5;;;4;2;9;;;2;3;8;;;3;1;0;;;2;1;6
001-100615;4;4;8;;;3;0;;;4;5;;;9;6;;;9;5;;;2;8;5;;;2;9;3;;;4;3;0;;;4;4;4;;;1;1;0
001-100238;3;5;4;;;3;6;9;;;3;0;4;;;4;5;1;;;2;6;8;;;3;7;6;;;4;2;6;;;2;1;6
001-101453;4;4;5
001-101405;
001-100611;4;5;1;;;4;2;5;;;2;6;8;;;3;3;3;;;3;2;9
001-101342;4;4;5
001-101317;4;4;5;;;4;0;;;4;0;6
001-100581;1;4;9;;;1;4;8;;;3;1;6;;;2;6;5;;;3;7;9;;;2;3;8;;;3;5;4;;;1;4;5;;;5;7;4;;;4;9;9;;;4;7;6
001-101010;4;4;5
001-101247;4;4;5
001-100149;4;4;5
001-101099;4;4;5
001-100568;
001-100690;3;5;0;;;9;0;;;1;9;3;;;1;8;3;;;4;9;8
001-100886;4;4;5
001-100862;4;4;5;;;1;3;;;4;1;;;1;3;6;;;2;1;6
001-101439;4;4;5
001-100350;4;4;4;;;1;1;0;;;4;4;5;;;4;0;;;4;0;6;;;4;5;1;;;4;2;5;;;3;1;0;;;2;1;6
001-100888;4;4;5
001-64733;4;4;5;;;4;0;6;;;4;0;;;2;1;6
001-122697;3;5;0;;;9;0;;;1;9;3;;;4;4;8;;;2;2;7;;;4;0;4;;;3;3;7;;;4;3;8;;;4;7;4;;;4;4;5;;;7;6;;;1;3;6;;;1;1;9;;;1;8;0;;;1;1;;;1;2;;;3;1;5;;;8;6;;;1;2;2;;;2;8;8;;;5;3;6;;;2;9;1;;;4;5;1;;;4;2;5;;;4;2;9;;;2;6;8;;;3;2;9;;;3;3;3;;;3;7;6;;;2;3;2;;;4;3;1;;;1;8;3;;;1;7;7;;;2;1;6;;;3;6;9;;;3;0;4;;;3;1;1;;;3;2;1;;;3;5;4
001-64731;1;4;9;;;1;4;8;;;2;0;1;;;3;1;6;;;2;6;5;;;5;7;9;;;3;7;9;;;2;1;6
001-100340;4;5;1;;;4;2;9;;;4;2;5;;;3;4;3;;;1;0;0;;;2;6
001-100040;4;4;8;;;4;4;5
001-100276;
001-101035;1;4;;;1;2;8;;;4;4;5;;;1;3;;;4;0;6
001-100345;3;4;3;;;1;0;0;;;3;5;0;;;8;9;;;9;0;;;1;9;2;;;1;9;3;;;4;4;4;;;1;1;0;;;4;5;1;;;4;2;9;;;2;1;6
001-100042;3;4;3;;;1;0;0;;;4;6;4;;;3;5;4;;;4;5;1;;;4;2;5;;;2;1;6
001-101222;4;4;4;;;1;1;0;;;4;4;5;;;4;0;;;4;0;6;;;2;1;6
001-100177;3;5;0
001-100562;4;4;5
001-101013;
001-122495;4;4;8;;;2;2;7;;;4;0;4
001-101346;4;4;8
001-100223;1;8;3;;;1;7;7;;;3;5;0;;;1;9;3;;;4;4;5;;;4;1;;;7;0;;;1;3;6;;;4;4;9;;;2;1;6
001-100693;4;4;4;;;1;1;0;;;4;4;5;;;4;0;;;4;0;6;;;2;1;6
001-100199;4;4;8;;;4;4;4;;;3;5;0
001-100216;4;5;1;;;4;2;9;;;1;5;4;;;2;3;7;;;2;0;4;;;2;6;9;;;3;7;1;;;3;7;7;;;3;2;0;;;5;3;1;;;1;4;9;;;1;4;8;;;3;4;3;;;5;7;3;;;4;4;6
001-101361;1;4;;;1;2;8;;;4;4;5;;;4;0;;;1;3;6;;;1;1;9;;;2;1;6
001-101325;4;4;9;;;3;5;0;;;4;4;8;;;4;4;4
001-100258;
001-100019;4;4;5
001-122482;3;5;0;;;6;2;0;;;4;4;8;;;9;3;;;4;4;5;;;7;6;;;6;2;7;;;7;;;1;3;6;;;4;4;4;;;1;1;0
001-100798;4;4;5
001-100303;
001-100677;3;5;0
001-101424;
001-101321;4;4;5;;;7;6;;;1;3;6;;;4;4;0;;;2;1;6
001-100226;3;1;0;;;3;5;4;;;4;4;9;;;2;3;1;;;4;9;6;;;4;;;8;4;;;2;1;6
001-100026;
001-101430;
001-101462;3;5;0
001-101392;4;4;5
001-101432;4;4;8
001-101327;3;5;0;;;9;0;;;1;9;3;;;1;4;;;1;2;8;;;4;4;8;;;2;2;7;;;4;0;4;;;4;3;8;;;4;8;1;;;4;4;5;;;7;6;;;1;3;6;;;8;6;;;4;4;0;;;2;1;6
001-122696;2;1;6;;;2;8;3;;;2;9;9;;;3;0;5
001-100632;4;4;8;;;2;2;7;;;2;1;6
001-100697;4;4;5;;;9;9;;;4;1;;;1;8;0;;;3;8;5;;;2;1;6;;;5;7;7;;;2;8;3
001-101467;4;4;5;;;7;6;;;1;8;0
001-101443;4;4;8;;;4;4;5
001-101151;1;4;;;1;2;8;;;4;4;5;;;1;3;;;4;0;6
001-124814;3;5;0;;;1;9;3;;;6;0;9;;;5;9
001-101487;1;4;;;1;2;8;;;4;5;1;;;4;2;5;;;3;1;0
001-101469;4;4;5;;;4;0;;;7;;;2;1;6
001-101200;4;4;5;;;4;0;;;4;0;6
001-101409;
001-100275;
001-100809;3;5;0
001-100647;4;4;5;;;4;1;;;1;3;6;;;1;8;0;;;4;0;6;;;2;1;6
001-100382;3;5;0
001-100237;1;4;;;1;2;8;;;3;5;0;;;9;0;;;1;9;3;;;4;4;5;;;4;4;0;;;4;4;4;;;1;1;0;;;4;4;8;;;3;0;;;2;2;0;;;2;1;6
001-100501;4;4;5;;;4;0;;;7;;;2;1;6
001-122691;4;4;5;;;9;9;;;4;1;;;1;8;0;;;1;8;1;;;1;4;9;;;1;4;8;;;2;6;5;;;2;3;5;;;5;7;9;;;1;4;;;1;2;8;;;3;5;4
001-64734;4;4;5;;;4;0;6;;;4;0;;;2;1;6
001-101429;
001-100481;3;5;0
001-100502;4;4;5;;;7;6;;;1;3;6;;;3;8;5;;;2;1;6
001-100344;1;8;3;;;4;9;8;;;4;5;1;;;4;2;9;;;2;0;3;;;2;6;8;;;2;6;2;;;3;2;9;;;3;7;6;;;3;9;1;;;3;1;9;;;5;5;8;;;5;5;6;;;3;5;4
001-101149;4;4;5;;;4;0;;;7
001-101483;3;5;0;;;9;0;;;4;4;8;;;9;3;;;2;9;;;4;5;;;5;7;0;;;4;2;3;;;4;5;1;;;4;2;4;;;2;0;3;;;2;1;6
001-101335;4;4;5
001-100903;4;4;4;;;1;1;0;;;4;4;9;;;5;9;5;;;2;3;1
001-100566;4;4;9
001-100279;4;4;5;;;7;6;;;1;3;6;;;4;0;6;;;2;1;6
001-100698;4;4;5;;;1;3;6;;;1;1;9;;;2;1;6
001-101194;4;4;5;;;7;6;;;4;0;6
001-100023;4;4;5
001-100821;4;4;9;;;3;5;0;;;4;4;8;;;4;4;4
001-101284;
001-100379;3;5;0
001-101041;4;4;5
001-101451;4;4;8;;;4;4;5
001-100640;1;4;;;1;2;8;;;1;8;3;;;4;9;8;;;3;4;3;;;1;0;0;;;4;4;4;;;1;1;0;;;4;4;8;;;2;0;9;;;2;2;0;;;2;9;7;;;4;8;1;;;2;3;2;;;2;1;6
001-101393;4;4;5
001-100605;4;4;5;;;3;8;;;4;0;;;7;0;;;1;3;6;;;1;6;4;;;4;2;2;;;4;4;8;;;4;5;;;9;3;;;2;2;0;;;2;2;1;;;3;3;9;;;4;5;6;;;2;1;6
001-101102;4;4;5
001-100908;1;4;9
001-100150;4;4;5
001-101294;3;5;0;;;9;0;;;5;9;6;;;1;9;3
001-101398;
001-100099;3;5;0
001-100896;4;5;1
001-100419;4;4;5
001-100054;3;5;4;;;4;4;5;;;7;;;4;0;;;4;1;;;2;1;6
001-101227;4;4;5
001-101394;
001-100531;4;4;5
001-101391;4;4;8
001-100179;
001-100288;
001-100207;4;4;5;;;4;0;6;;;4;0;;;1;4;;;1;2;8;;;4;7;1;;;2;1;6
001-100102;
001-100227;5;7;2;;;4;4;2;;;4;1;5;;;1;6;6;;;4;4;5;;;7;6;;;1;3;6;;;4;0;6
001-100084;4;4;5
001-101244;4;4;5
001-100661;2;1;6;;;5;7;7;;;3;0;5;;;5;7;4;;;1;6;3;;;4;4;7
001-100158;
001-100556;1;4;9
001-100068;
001-100910;1;4;9
001-101253;4;4;5;;;4;0;;;4;0;6
001-101274;4;4;5;;;4;0;;;4;0;6
001-100169;
001-100338;4;4;5;;;1;3;;;4;0;6;;;2;1;6
001-101141;4;4;5;;;4;4;4
001-101498;1;4;;;1;2;8;;;4;7;1;;;4;4;8;;;2;2;0;;;5;5
001-101460;3;4;3;;;1;0;0;;;2;5;8;;;4;5;1;;;4;2;5;;;2;1;6
001-100711;3;4;3;;;1;0;0;;;2;9;8;;;1;8;3;;;4;9;8;;;3;6;9;;;3;1;1;;;2;1;6
001-100302;
001-100980;4;4;5
001-100993;4;4;5
001-100157;
001-101295;4;4;8;;;3;0;;;4;4;5;;;7;6;;;1;3;6;;;1;1;;;1;2;;;1;2;2
001-100559;4;4;5
001-100301;
001-100915;4;4;8;;;4;0;4
001-100229;4;4;5;;;8;;;7;6;;;8;6;;;1;2;2;;;1;3;6;;;1;1;9;;;2;2;4;;;2;9;5;;;3;1;5;;;4;4;0
001-100416;4;4;5
001-101278;4;4;5;;;3;6;9
001-100510;1;8;3;;;4;9;8;;;4;5;1;;;4;2;9;;;2;3;8;;;3;1;0
001-100898;4;5;1
001-100106;4;4;8
001-100514;4;4;5
001-101018;1;4;9;;;1;4;8;;;2;6;5;;;5;7;9;;;3;7;9;;;3;5;4;;;2;1;6
001-100541;4;4;5
001-100049;3;5;4;;;4;4;5;;;7;;;7;6;;;1;3;6;;;4;5;1;;;2;0;3;;;4;2;4;;;2;1;6
001-100125;1;4;9;;;1;4;8;;;1;5;8;;;2;6;5;;;3;7;9;;;3;1;6;;;2;3;8;;;3;5;4;;;2;1;6
001-101123;4;4;5
001-100884;4;4;5;;;4;0;;;4;1;;;4;9;5;;;2;1;6
001-100518;4;4;5
001-100402;4;4;5
001-101438;4;4;5
001-100287;
001-124817;3;6;9;;;3;0;4;;;4;4;5;;;4;0;6;;;2;1;6
001-100356;1;4;9;;;3;8;2;;;4;4;4;;;2;3;;;1;1;0;;;4;5;1;;;2;0;3;;;3;1;9;;;4;2;4;;;4;2;9;;;3;4;3;;;2;1;6
001-100757;4;4;5;;;1;3;6;;;4;0;6;;;2;1;6
001-100073;
001-101279;
001-100387;4;4;5;;;4;0;;;7;;;2;1;6
001-100272;3;5;0;;;9;0;;;1;9;2;;;1;9;3;;;4;4;8;;;4;3;8;;;4;8;1
001-101446;
001-100672;4;4;5
001-100433;2;1;6;;;5;7;7;;;2;8;3;;;3;0;5;;;2;6;;;1;2;6;;;2;4;3
001-100317;3;4;3;;;4;4;;;1;0;0;;;4;6;4;;;2;9;2;;;3;4;9;;;2;8;4;;;3;5;4;;;4;4;5;;;7;6;;;2;1;6
001-101444;4;4;5
001-101440;4;4;8;;;4;4;5
001-100889;4;4;5
001-101276;
001-100533;4;4;5
001-101363;3;4;3;;;1;0;0;;;4;5;1;;;4;2;5;;;2;1;6
001-101425;
001-100473;4;4;5
001-100088;
001-100909;4;4;4;;;1;1;0;;;3;6;9;;;9;4;;;3;5;4;;;2;1;6
001-101465;3;5;0
001-100329;3;5;0;;;9;0;;;1;9;3;;;4;5;1;;;6;3;4;;;4;2;9;;;1;4;;;1;2;8;;;2;1;6;;;2;6;;;1;2;6;;;2;4;3;;;3;5;4
001-100394;4;4;5
001-100792;3;5;0;;;4;4;4;;;3;6;9
001-100306;3;5;0
001-100004;4;4;5;;;4;4;4
001-100417;4;4;5
001-101011;4;4;5
001-100847;1;4;9;;;1;4;8;;;2;0;1;;;1;0;5;;;2;6;5;;;3;5;6;;;3;6;2;;;3;1;6;;;3;4;3;;;1;0;0;;;3;6;9;;;2;3;2
001-101242;4;4;5
001-100606;4;4;5;;;4;1;;;1;3;6;;;1;8;0;;;1;8;1;;;2;1;6
001-124819;4;4;5;;;7;6;;;1;8;0;;;1;8;1;;;4;0;6;;;4;4;8;;;2;2;7;;;2;1;6
001-100267;4;4;5
001-101077;3;5;0;;;5;9;6;;;1;9;3;;;4;9;2;;;6;0;9;;;4;7;8
001-100217;1;4;9;;;1;4;8;;;2;0;1;;;2;6;5;;;5;7;9;;;3;7;9;;;3;1;6;;;2;1;6
001-100359;4;4;5
001-100336;3;6;9;;;9;4;;;3;8;7;;;2;3;8;;;3;5;4;;;2;1;6
001-100547;4;4;5
001-100014;3;5;0;;;4;4;8
001-100865;4;4;8;;;3;0;;;4;8;1;;;3;4;3;;;2;1;6
001-100186;4;4;5
001-100887;4;4;5
001-101282;
001-101464;3;5;0;;;4;4;4;;;4;5;1
001-101267;4;4;5;;;4;0;;;7;;;3;6;9;;;3;0;4
001-100795;4;4;5
001-101504;3;5;0
001-122476;1;5;4;;;2;3;7;;;2;6;9;;;3;7;7;;;1;4;;;3;5;4
001-100034;4;4;9;;;3;5;0;;;4;4;8;;;4;4;4
001-101479;1;4;;;1;2;8;;;4;4;8;;;2;2;7;;;4;0;4;;;4;3;5;;;4;3;8;;;4;7;4;;;2;1;6
001-122478;4;5;1;;;4;2;4;;;4;2;9;;;2;0;3;;;2;6;8;;;3;2;9;;;3;3;3;;;3;1;9;;;5;5;8;;;1;8;3;;;4;9;8;;;1;4;;;3;5;4
001-100664;4;4;5
001-100543;4;5;1
001-100613;1;4;;;1;2;8;;;5;6;6;;;1;5;0;;;1;5;5;;;2;3;2;;;4;3;1;;;4;4;8;;;1;3;5;;;2;2;0;;;2;2;8;;;4;5;6;;;4;5;9;;;4;8;1;;;2;1;6
001-100081;
001-101022;4;4;5;;;4;0;;;7
001-100523;1;8;3;;;4;9;8;;;3;1;0;;;3;4;9;;;5;4;;;1;3;9;;;4;6;3;;;2;1;6
001-100401;4;4;5
001-101482;1;4;;;1;2;8;;;4;4;8;;;2;2;7;;;4;0;4;;;4;3;5;;;4;3;8;;;4;7;4;;;2;1;6
001-100351;4;4;8;;;9;3;;;4;5;1;;;4;2;9;;;2;0;3;;;2;1;6
001-100532;4;4;5
001-100335;4;4;5;;;7;6;;;1;3;6;;;1;2;2;;;2;1;6
001-100041;4;4;8;;;4;4;5
001-100293;1;8;3;;;4;9;8;;;4;5;1;;;4;2;9;;;2;0;3;;;2;6;8;;;2;6;2;;;3;2;9;;;3;7;6;;;3;9;1;;;3;1;9;;;5;5;8;;;5;5;6;;;3;5;4
001-100228;4;4;5;;;7;6;;;1;2;2;;;1;3;6
001-100638;4;4;5;;;4;0;;;4;1;;;9;8;;;1;8;0;;;2;1;6
001-100241;4;4;5;;;1;8;3;;;1;7;7;;;2;1;6;;;5;7;7;;;2;8;3
001-100105;4;4;8
001-100383;4;4;9;;;5;9;5;;;2;3;1;;;1;4;9;;;1;4;8;;;2;0;1;;;2;6;5;;;3;3;1;;;3;1;6;;;4;4;4;;;1;1;0;;;1;4;;;1;2;8;;;2;1;6
001-101302;4;4;5;;;4;0;;;4;0;6
001-100557;1;4;9;;;1;4;8
001-100283;4;4;5;;;4;4;4
001-101261;
001-100979;4;4;5
001-100746;3;4;3;;;1;0;0;;;2;5;8;;;2;9;2;;;3;5;4;;;4;4;5;;;4;5;1;;;3;6;9;;;2;1;6
001-100264;4;4;5;;;4;4;4
001-101365;3;4;3;;;1;0;0;;;2;5;8;;;4;5;1;;;4;2;5;;;2;1;6
001-122479;1;4;9;;;1;4;8;;;1;5;8;;;1;6;1;;;2;0;1;;;3;1;6;;;1;4;0;;;4;5;2;;;2;1;6
001-100964;3;5;0;;;9;0;;;1;9;3;;;4;4;8;;;2;2;0;;;2;1;6
001-100817;3;5;0;;;4;4;8
001-101442;4;4;8;;;4;4;5
001-100749;4;4;5;;;1;1;;;1;2;;;8;5;;;3;8;5;;;2;9;6;;;1;6;4;;;2;2;4;;;2;1;6
001-100268;4;4;5
001-100863;4;4;5;;;1;3;;;4;1;;;1;3;6;;;2;1;6
001-100763;1;4;9;;;1;4;8;;;4;4;5;;;1;1;;;1;2;;;1;3;6;;;4;4;0;;;2;1;6
001-101488;1;4;;;1;2;8;;;4;5;1;;;4;2;5;;;3;1;0
001-100639;1;4;9;;;1;4;8;;;1;5;6;;;1;5;7;;;1;5;8;;;2;0;1;;;2;6;5;;;2;3;5;;;3;1;6;;;4;4;5;;;1;3;6;;;1;1;9;;;2;1;6
001-100960;4;4;5;;;4;4;4
001-100058;2;1;1;;;4;4;5;;;1;3;6;;;4;4;0;;;1;2;2;;;2;9;5
001-122434;4;4;5;;;1;1;3;;;7;;;4;4;4;;;1;1;0;;;1;4;;;2;3;6;;;6;0;9;;;3;;;2;4;1;;;3;6;9;;;3;0;4
001-100637;4;4;5;;;1;3;6;;;1;8;0;;;7;0
001-101080;4;4;5;;;4;0;;;7;;;3;5;4;;;2;1;6
001-101415;
001-101493;3;5;0
001-100500;4;4;5;;;4;0;;;7;;;2;1;6
001-101473;4;5;1;;;4;2;5;;;2;0;3;;;3;5;4
001-100512;3;5;0;;;6;1;8;;;1;9;3;;;2;6;;;1;2;6;;;1;8;4;;;4;4;8;;;9;3;;;2;1;6
001-100439;2;1;6;;;5;7;7;;;2;8;3;;;3;0;5;;;2;6;;;1;2;6;;;2;4;3
001-100062;1;8;3;;;4;9;8;;;4;4;5;;;1;3;6;;;4;0;6;;;4;4;4;;;1;1;0;;;5;7;3;;;4;4;6;;;4;2;8;;;4;5;1;;;2;0;3;;;2;6;8;;;3;5;8;;;3;6;5;;;3;7;6;;;3;1;9;;;4;2;5;;;2;1;6
001-100598;1;4;;;1;2;8;;;3;5;0;;;1;9;2;;;1;9;3;;;4;5;1;;;4;2;9;;;2;1;6
001-101255;
001-101484;4;4;5;;;7;6;;;1;3;6;;;4;4;0;;;2;1;6
001-124812;1;4;9;;;1;4;8;;;2;6;5;;;5;7;9;;;3;7;9;;;2;3;8;;;3;5;4;;;2;1;6
001-100196;1;8;3;;;4;9;8;;;3;6;9;;;3;0;4;;;4;4;5;;;1;1;3;;;4;0;6
001-100918;4;5;1
001-101127;4;4;8;;;1;7;1
001-101202;1;4;;;1;2;8;;;3;6;9;;;6;2;;;3;5;4
001-100881;1;4;;;1;2;8;;;4;4;5;;;4;0;;;1;3;6;;;2;1;6
001-101406;
001-100962;3;5;0;;;4;4;4
001-100156;
001-100624;3;5;0;;;1;9;3;;;9;0;;;1;9;2;;;8;9;;;5;7;3;;;4;4;6;;;4;2;7
001-100976;
001-100623;4;5;1;;;4;2;6;;;2;0;3;;;3;1;9;;;2;6;8;;;3;3;3;;;3;2;9;;;3;5;4;;;4;4;4;;;1;1;0;;;2;3
001-100620;1;4;;;1;2;8;;;4;4;5;;;1;3;6;;;1;9;0;;;5;5;1;;;2;1;6
001-100316;1;4;5;;;1;4;6;;;1;5;1;;;2;6;6;;;2;6;0;;;3;2;8;;;3;3;2;;;1;4;9;;;1;4;8;;;1;5;6;;;2;6;5;;;2;5;9;;;3;2;7;;;3;3;1;;;4;4;4;;;1;1;0;;;4;5;1;;;2;0;3;;;2;6;8;;;2;6;2;;;3;2;9;;;3;3;3;;;3;1;9;;;4;2;9;;;2;1;6
001-100185;4;4;5
001-100292;4;4;8;;;4;5;;;2;1;6
001-100391;4;4;5
001-101466;3;5;0
001-100676;3;5;0
001-101146;4;4;8;;;2;2;0;;;4;0;4;;;2;1;6
001-100296;1;4;9
001-100659;4;4;9
001-101490;4;4;5
001-100175;
001-101426;
001-100097;
001-100731;5;7;0;;;4;2;3;;;2;2;2;;;4;4;5;;;3;8;5;;;4;4;9;;;7;7;;;5;0;;;2;1;6
001-100008;4;4;5
001-101142;4;4;5;;;4;4;4
001-101201;4;4;5;;;4;0;;;4;0;6
001-100477;4;4;5
001-101359;1;4;;;1;2;8;;;4;4;8;;;2;2;0;;;2;2;7;;;4;0;4;;;4;3;8;;;2;1;6
001-101458;4;5;1;;;4;2;5;;;2;6;8;;;3;7;6;;;3;5;4
001-100564;3;5;0
001-100601;4;5;1;;;6;2;8;;;4;2;5;;;4;2;9;;;2;6;8;;;3;2;9;;;3;3;3;;;2;1;6;;;5;7;7;;;2;8;3
001-101235;4;5;1
001-100170;
001-100163;
001-100627;1;4;;;1;2;8;;;4;4;5;;;1;1;;;1;2;;;7;0;;;8;5;;;1;2;2;;;1;3;6;;;1;6;4;;;1;8;0;;;1;8;1;;;3;2;5;;;3;8;5;;;3;8;8;;;4;4;0;;;4;4;4;;;1;1;0;;;4;4;8;;;3;5;1;;;4;5;1;;;2;0;3;;;2;6;8;;;4;2;4;;;4;2;9;;;1;8;3;;;2;1;6
001-100648;1;4;;;1;2;8;;;1;8;3;;;3;0;8;;;4;9;8;;;4;4;5;;;7;0;;;1;3;6;;;3;2;5;;;4;4;0;;;3;6;9;;;2;1;6
001-100444;
001-100517;4;4;5
001-100630;1;4;;;1;2;8;;;1;4;9;;;1;4;8;;;2;0;1;;;2;6;5;;;3;3;1;;;5;7;9;;;3;1;6;;;3;4;3;;;1;0;0;;;2;1;6
001-100699;3;5;0;;;9;0;;;1;9;3;;;1;8;3;;;4;9;8
001-101254;
001-100619;9;6;;;9;5;;;4;4;4;;;1;1;0;;;4;4;8;;;4;5;;;2;2;0;;;2;2;8;;;3;5;1;;;4;9;4
001-100891;4;4;5
001-124820;
001-100958;4;4;8;;;2;2;0;;;4;0;4;;;2;1;6
001-101347;4;4;5
001-100152;4;4;5
001-101095;4;4;5
001-100337;3;5;0;;;1;9;3;;;1;9;2;;;4;4;8;;;4;7;4;;;4;5;;;4;5;1;;;4;2;4;;;1;4;;;1;2;8;;;1;0;9;;;2;1;6
001-100124;4;4;5;;;1;1;;;1;2;;;8;5;;;3;8;5;;;2;9;6;;;1;6;4;;;2;2;4;;;2;1;6
001-101416;
001-101455;4;4;5
001-100463;4;5;1;;;4;2;9;;;2;3;8;;;3;1;0
001-101237;4;4;5
001-100634;3;5;0;;;4;9;2;;;1;9;3;;;1;9;2;;;4;5;1;;;4;2;5;;;1;8;3;;;4;9;8;;;3;0;8
001-101281;
001-100269;4;4;5;;;4;0;;;4;0;6;;;2;1;6
001-100121;1;8;3;;;4;9;8;;;3;5;4;;;4;5;1;;;2;6;8;;;1;0;7;;;4;2;5;;;2;1;6
001-100273;4;4;4;;;1;1;0;;;4;4;5;;;4;0;;;4;0;6;;;4;5;1;;;4;2;5;;;3;1;0;;;2;1;6
001-101419;
001-100325;3;5;0;;;9;0;;;5;9;6;;;1;9;3;;;6;3;3;;;1;5;4;;;1;5;2;;;2;3;7;;;3;4;3;;;1;0;0;;;2;1;6;;;5;7;7;;;2;8;3
001-101339;4;4;5
001-100703;4;4;5;;;7;;;1;3;6;;;1;1;9;;;3;8;5;;;2;9;6;;;2;1;6
001-100361;3;5;0;;;9;0;;;1;9;3;;;1;4;;;1;2;8;;;3;1;0;;;2;1;6
001-100526;4;4;5;;;1;1;3;;;7;;;3;6;9;;;3;0;4
001-100398;4;4;5;;;4;4;4
001-100349;4;4;5;;;4;0;;;4;0;6;;;2;1;6
001-100485;3;5;0;;;6;1;8;;;1;9;3;;;2;6;;;1;2;6;;;1;8;4;;;4;4;8;;;9;3;;;2;1;6
001-100015;3;5;0;;;4;4;8
001-100712;3;4;3;;;1;0;0;;;2;9;8;;;1;8;3;;;4;9;8;;;3;6;9;;;3;1;1;;;2;1;6
001-100953;4;4;9;;;5;9;5;;;4;;;3;3;5;;;4;9;6;;;2;1;6
001-100472;4;4;5
001-100525;4;4;5;;;1;1;3;;;7;;;3;6;9;;;3;0;4
001-101316;4;4;5;;;4;0;;;4;0;6
001-100235;
001-100505;4;4;8;;;2;2;7;;;4;0;4
001-100030;4;4;9;;;3;5;0;;;4;4;8;;;4;4;4
001-100197;3;4;3;;;1;0;0;;;3;5;4;;;4;5;1;;;4;2;5;;;2;1;6
001-101310;1;4;5;;;1;5;1;;;2;0;2;;;2;6;6;;;3;7;5;;;3;5;4
001-101257;1;4;5;;;1;5;1;;;2;6;6;;;3;3;2;;;3;6;3;;;4;4;4;;;1;1;0;;;3;4;3;;;1;0;0;;;2;9;8;;;2;3;8;;;3;5;4;;;2;1;6
001-101103;4;4;5
001-122699;4;4;5;;;7;6;;;1;3;6
001-100222;1;8;3;;;1;7;7;;;3;5;0;;;9;0;;;1;9;3;;;4;4;5;;;7;6;;;1;2;2;;;1;3;6;;;1;5;;;1;1;9;;;2;2;4;;;3;2;5;;;4;0;6;;;2;1;6
001-100636;1;5;4;;;1;5;2;;;3;4;3;;;1;0;0;;;3;6;9;;;4;5;8;;;2;1;6
001-100449;1;4;9;;;1;5;8;;;1;6;1;;;2;0;1;;;3;1;6;;;4;5;2;;;2;1;6
001-100745;4;4;8;;;3;3;7;;;2;1;6
001-100457;1;4;9;;;1;4;8;;;1;5;7;;;2;6;5;;;4;8;8;;;5;6;6;;;1;5;0;;;2;1;9;;;6;1;0;;;7;9;;;3;5;4;;;5;7;1;;;4;3;3;;;4;8;3;;;2;3;3;;;3;4;3;;;2;1;6
001-100413;4;4;5;;;7;6;;;4;0;6;;;4;4;4;;;1;1;0;;;1;4;;;1;2;8;;;2;1;6
001-100684;4;4;8;;;1;7;1
001-100488;4;4;5
001-101500;4;4;5;;;7;6;;;1;3;6;;;3;2;5;;;4;4;0
001-100497;4;5;1;;;4;2;5;;;2;1;6
001-100333;1;4;;;3;9;8;;;4;0;0;;;2;3;8;;;3;4;3;;;1;0;0;;;2;5;8;;;4;5;1;;;2;0;3;;;4;2;9;;;2;1;6
001-100151;4;4;5
001-101246;4;4;8;;;4;4;5;;;4;4;4
001-101491;4;4;5;;;4;0;;;1;3;6;;;2;1;6
001-100393;4;4;5
001-100823;4;4;9;;;3;5;0;;;4;4;8;;;4;4;4
001-122496;4;4;5;;;7;6;;;1;3;6;;;1;2;2
001-100675;4;4;5
001-101091;4;4;5
001-100728;4;5;0;;;2;4;0;;;2;1;6
001-100645;4;4;5;;;1;3;6;;;1;1;9;;;7;0;;;3;8;8;;;1;8;0;;;1;8;1
001-100234;4;4;8;;;1;7;1;;;2;2;7;;;4;0;4;;;2;1;6
001-100950;3;5;0
001-101152;3;4;3;;;1;0;0;;;4;6;4;;;4;5;1;;;4;2;9;;;3;1;0;;;2;1;6
001-100155;
001-100231;2;3;8;;;5;7;4;;;4;7;6;;;3;4;3;;;2;1;6
001-100242;
001-101086;1;4;9;;;1;4;8;;;2;6;5;;;2;1;6
001-100866;4;4;8;;;2;9;7;;;3;3;7;;;4;3;5;;;4;3;8;;;4;8;1;;;3;4;3;;;2;1;6
001-100662;2;1;6;;;5;7;7;;;3;0;5;;;5;7;4;;;1;6;3;;;4;4;7
001-100143;4;4;8
001-100992;2;1;6;;;5;7;7;;;3;0;5
001-101238;4;4;5
001-122474;3;5;0;;;9;0;;;5;9;6;;;6;1;8;;;1;9;3;;;4;9;2;;;4;4;8;;;9;3;;;2;2;0;;;4;3;8;;;4;5;1;;;4;2;5;;;4;2;9;;;3;1;9;;;2;0;3;;;4;4;4;;;2;3;;;1;1;0;;;1;4;;;1;2;8;;;1;0;9;;;4;7;1;;;2;1;6;;;3;1;0
001-100985;4;4;5;;;4;0;;;7;;;2;1;6;;;2;6;;;6;3;8;;;6;3;6;;;3;6;9;;;3;0;4;;;3;1;1
001-100342;4;4;5;;;4;0;;;1;3;6;;;4;0;6;;;4;4;4;;;2;1;6
001-122778;4;4;5;;;7;6;;;3;2;5;;;4;0;6
001-100188;4;4;5
001-100087;
001-101437;4;4;5
001-100618;9;6;;;9;5;;;4;4;4;;;1;1;0;;;4;4;8;;;4;5;;;2;2;0;;;2;2;8;;;3;5;1;;;4;9;4
001-100328;
001-100550;3;5;0;;;4;4;4
001-100448;1;4;9;;;1;5;8;;;1;6;1;;;2;0;1;;;3;1;6;;;4;5;2;;;2;1;6
001-100489;4;5;1
001-100490;4;5;1
001-101128;3;5;0
001-100941;1;8;3;;;1;7;7;;;1;4;;;1;2;8
001-100083;4;4;5
001-100286;4;4;9
001-100427;3;5;0;;;5;9;6;;;4;9;2;;;1;2;1;;;5;2;3;;;2;1;6;;;5;7;7;;;2;8;3
001-100603;5;7;0;;;4;2;3;;;4;4;5;;;7;0;;;1;3;6;;;1;8;0;;;1;8;1;;;2;1;6
001-122484;1;8;3;;;4;9;8;;;1;4;;;4;7;1;;;1;4;9;;;1;4;8;;;2;0;1;;;3;1;6;;;2;6;5;;;3;7;9
001-100642;1;4;;;1;2;8;;;4;4;8;;;2;2;8;;;4;9;7;;;2;9;7;;;4;8;1;;;2;8;8;;;4;3;4;;;4;5;1;;;4;2;4;;;2;0;3;;;2;6;8;;;3;1;9;;;4;4;4;;;1;1;0;;;3;4;9;;;1;3;9;;;4;4;5;;;3;5;0
001-101402;
001-101240;4;4;5
001-101412;
001-124818;4;4;8;;;1;8;;;2;2;0;;;4;5;1;;;2;1;6
001-100346;4;4;5;;;4;0;;;7;;;1;8;1;;;3;6;9;;;3;0;4;;;4;4;4;;;4;5;1;;;2;1;6
001-100291;4;4;8;;;4;5;;;2;1;6
001-101287;4;4;5;;;4;0;;;4;0;6;;;4;4;4
001-101505;3;5;0;;;9;0;;;5;9;6;;;1;9;3;;;1;4;;;1;2;8;;;2;1;6
001-100610;4;5;1;;;4;2;5;;;2;6;8;;;3;3;3;;;3;2;9
001-100646;1;4;;;1;2;8;;;4;4;5;;;7;0;;;1;8;1;;;3;2;5;;;2;1;6
001-100245;4;5;1;;;4;2;5;;;2;0;3;;;2;6;8;;;3;3;3;;;3;2;9;;;3;5;4;;;2;1;6;;;2;1;3;;;3;5;0
001-100211;3;4;3;;;1;0;0;;;3;4;9;;;1;3;9;;;2;8;4;;;2;1;6;;;3;6;9
001-101187;4;4;8;;;3;0;;;4;4;5;;;7;6;;;1;3;6;;;1;1;;;1;2;;;1;2;2
001-101481;4;4;5;;;4;0;;;7;;;2;1;6
001-101124;4;4;5
001-100653;3;5;0;;;9;0;;;5;9;6;;;1;9;3
001-101298;1;4;;;1;2;8;;;3;6;9;;;6;2;;;3;5;4
001-100608;3;4;3;;;1;0;0;;;4;4;4;;;1;1;0;;;4;4;8;;;1;0;8;;;2;2;8;;;2;9;7;;;4;5;6;;;4;8;1
001-100507;4;4;5;;;7;6;;;1;8;0
001-101110;4;4;5
001-100290;4;4;5
001-100928;4;4;5;;;1;3;;;4;0;;;1;3;6;;;1;1;9;;;3;8;5;;;4;0;6;;;2;1;6
001-100464;4;5;1;;;4;2;9;;;2;3;8;;;3;1;0
001-101494;3;5;0
001-100511;1;8;3;;;4;9;8;;;4;5;1;;;4;2;9;;;2;3;8;;;3;1;0
001-101497;1;4;;;1;2;8;;;4;7;1;;;4;4;8;;;2;2;0;;;5;5
001-101199;3;5;0;;;5;9;6;;;1;9;3
001-100586;3;5;0;;;9;0;;;8;9;;;4;4;5;;;4;1;;;7;0;;;1;3;6;;;1;8;0;;;1;8;1;;;3;8;8;;;3;8;5;;;3;2;5;;;1;2;;;1;1;;;1;2;2;;;4;4;8;;;3;5;1;;;1;4;5
001-101333;4;4;5;;;4;0;;;7;;;2;1;6
001-100384;4;4;9;;;5;9;5;;;2;3;1;;;1;4;9;;;1;4;8;;;2;0;1;;;2;6;5;;;3;3;1;;;3;1;6;;;4;4;4;;;1;1;0;;;1;4;;;1;2;8;;;2;1;6
001-101192;4;4;5;;;4;0;;;1;3;6;;;1;5;;;4;0;6
001-100748;5;7;4;;;1;6;3;;;3;9
001-100135;4;4;5
001-124827;4;4;5
001-100758;4;5;1;;;4;2;5;;;3;1;0
001-101408;
001-100852;3;6;9;;;3;0;4;;;4;4;5;;;1;3;6;;;3;2;5;;;4;0;6;;;4;4;4;;;3;4;3;;;2;1;6
001-101503;3;5;0
001-100078;2;1;6;;;6;9;;;5;7;7;;;2;8;3;;;3;0;5
001-101269;
001-101330;4;4;5
001-100334;4;4;5;;;1;3;6;;;7;0;;;1;6;2
001-100263;4;4;5;;;4;4;4
001-100894;4;4;5
001-100900;4;4;5
001-100656;4;4;8;;;2;2;0;;;4;7;4;;;4;5;;;2;1;6
001-101362;3;4;3;;;1;0;0;;;4;5;1;;;4;2;5;;;2;1;6
001-100221;1;8;3;;;4;9;8;;;3;4;3;;;1;0;0;;;3;5;0;;;8;9;;;9;0;;;3;6;9;;;3;0;4;;;4;5;0;;;2;4;0;;;4;5;1;;;4;2;5;;;2;1;6
001-100482;3;5;0
001-100027;
001-100070;
001-100050;3;5;4;;;4;4;5;;;7;;;7;6;;;1;3;6;;;4;5;1;;;2;0;3;;;4;2;4;;;2;1;6
001-100643;1;4;;;1;2;8;;;4;4;8;;;2;2;8;;;4;9;7;;;2;9;7;;;4;8;1;;;2;8;8;;;4;3;4;;;4;5;1;;;4;2;4;;;2;0;3;;;2;6;8;;;3;1;9;;;4;4;4;;;1;1;0;;;3;4;9;;;1;3;9;;;4;4;5;;;3;5;0
001-101291;4;4;4;;;1;1;0;;;3;5;0;;;9;0;;;1;9;3;;;4;4;8;;;3;3;9;;;2;2;7;;;4;4;5;;;7;6;;;4;0;6;;;2;1;6
001-100210;3;5;0;;;9;0;;;4;4;8;;;2;2;0;;;4;5;1;;;2;6;8;;;3;2;9;;;4;2;4;;;2;1;6
001-100246;1;8;3;;;4;9;8;;;4;4;5;;;4;1;;;4;0;6;;;2;1;6
001-100818;3;5;0;;;4;4;8
001-100471;4;4;5
001-100069;
001-100585;1;4;;;1;2;8;;;1;0;9;;;1;2;7;;;9;6;;;9;5;;;1;3;4;;;2;8;5;;;3;8;4;;;4;8;9;;;1;2;1;;;1;8;3;;;1;7;7;;;1;8;2;;;3;0;8;;;3;1;0;;;3;5;0;;;4;9;2;;;4;4;5;;;4;0;;;4;4;4;;;2;3;;;1;1;0;;;4;4;8;;;3;0;;;9;3;;;2;7;6;;;2;1;6
001-101220;4;4;4;;;1;1;0;;;1;4;;;1;2;8;;;4;7;1;;;4;5;1;;;4;2;9;;;2;0;3;;;2;6;8;;;3;3;3;;;3;7;6;;;3;5;4
001-101233;4;4;5
001-100318;1;4;5;;;1;5;1;;;2;6;6;;;3;3;2;;;3;7;5
001-101017;1;4;9;;;1;4;8;;;2;6;5;;;5;7;9;;;3;7;9;;;3;5;4;;;2;1;6
001-100392;4;4;5
001-101296;4;4;5;;;4;0;;;1;3;6;;;2;1;6
001-100037;4;4;8;;;4;4;5
001-100208;2;9;3;;;2;1;0;;;4;3;0;;;4;4;9;;;7;7;;;3;5;0;;;9;0;;;1;9;3;;;4;9;2;;;4;4;8;;;2;2;0;;;3;3;9;;;5;5;2;;;1;8;3;;;1;7;7;;;1;4;;;4;7;1;;;6;0;;;4;0;2;;;2;1;6;;;2;6;;;1;2;6;;;1;8;4;;;3;6;9;;;6;3;5
001-101329;4;4;5
001-100528;4;4;5
001-100166;4;4;5
001-100017;4;4;5;;;4;4;4
001-124809;1;4;;;1;2;8;;;4;4;5;;;7;6;;;3;2;5;;;4;4;8;;;2;2;7;;;4;0;4;;;4;5;1;;;4;2;4;;;2;1;6
001-101420;
001-101345;4;4;8
001-101283;3;5;0;;;6;2;0;;;6;1;8;;;1;4;;;1;2;8;;;4;7;1;;;4;4;8;;;2;2;0;;;3;3;9;;;4;3;8;;;4;8;1;;;4;4;5;;;7;6;;;3;2;5;;;2;1;6
001-101084;4;4;5
001-101360;1;4;;;1;2;8;;;4;4;5;;;4;0;;;1;3;6;;;1;1;9;;;2;1;6
001-100330;1;4;;;1;2;8;;;1;0;9;;;1;4;5;;;1;4;6;;;3;1;7;;;2;1;6
001-100200;3;4;3;;;1;0;0;;;3;5;4;;;4;5;1;;;4;2;5;;;2;1;6
001-101337;3;5;0
001-101109;4;4;5
001-100784;4;4;9;;;5;9;5;;;4;;;3;3;5;;;4;9;6;;;2;1;6
001-100304;1;5;4;;;1;5;3;;;3;1;0;;;3;4;3;;;1;0;0;;;3;5;0;;;9;0;;;1;9;3;;;4;4;9;;;2;3;1;;;2;7;6;;;4;5;1;;;2;0;3;;;2;6;8;;;3;7;6;;;4;2;9;;;2;1;6
001-100513;4;4;5
001-100331;1;4;9;;;1;4;8;;;1;5;7;;;1;5;8;;;2;0;1;;;3;1;6;;;2;1;6
001-100654;3;5;0;;;9;0;;;5;9;6;;;1;9;3
001-100686;4;4;8;;;1;7;1
001-101411;
001-100546;4;4;5
001-100617;9;6;;;9;5;;;4;4;4;;;1;1;0;;;4;4;8;;;4;5;;;2;2;0;;;2;2;8;;;3;5;1;;;4;9;4
001-100209;4;4;8;;;2;2;0;;;2;9;;;3;3;9;;;3;0;;;2;2;7;;;1;4;9;;;3;1;6;;;1;4;0;;;5;7;0;;;4;2;3;;;1;4;;;4;7;1;;;6;0;;;2;1;6
001-101208;4;4;5;;;4;0;;;7;;;3;6;9;;;3;0;4
001-100139;4;4;5
001-122457;4;4;9;;;5;9;5;;;2;3;1;;;4;9;6;;;3;5;0;;;9;0;;;1;9;3;;;4;4;8;;;2;2;8;;;4;5;9;;;4;4;4;;;1;1;0
001-101471;4;5;1;;;4;2;5;;;2;0;3;;;3;5;4
001-100194;4;4;8;;;9;3;;;2;2;8;;;2;7;5;;;4;5;6;;;2;1;6
001-100002;4;4;5;;;4;4;4
001-100461;4;4;5;;;4;0;;;4;0;6;;;1;4;;;6;2;1
001-101223;4;4;4;;;1;1;0;;;3;5;0;;;9;0;;;1;9;3;;;6;0;9;;;4;7;8;;;2;1;6
001-100277;4;4;8;;;9;3;;;4;5;1;;;4;2;9;;;2;0;3;;;2;1;6
001-101079;4;4;5;;;4;0;;;7;;;3;5;4;;;2;1;6
001-100218;1;4;9;;;1;4;8;;;2;0;1;;;2;6;5;;;5;7;9;;;3;7;9;;;3;1;6;;;2;1;6
001-101090;4;4;5
001-101221;4;4;4;;;1;1;0;;;4;4;5;;;4;0;;;4;0;6;;;2;1;6
001-100701;1;8;3;;;3;0;8;;;4;9;8;;;4;4;5;;;1;3;6;;;4;0;6
001-100846;1;4;9;;;1;4;8;;;2;0;1;;;1;0;5;;;2;6;5;;;3;5;6;;;3;6;2;;;3;1;6;;;3;4;3;;;1;0;0;;;3;6;9;;;2;3;2
001-100195;1;8;3;;;4;9;8;;;3;6;9;;;3;0;4;;;4;4;5;;;1;1;3;;;4;0;6
001-101144;1;8;3;;;1;7;7;;;1;4;;;1;2;8
001-100141;3;5;0
001-101300;1;4;5;;;1;5;1;;;2;6;6;;;3;3;2;;;3;6;3;;;4;4;4;;;1;1;0;;;3;4;3;;;1;0;0;;;2;9;8;;;2;3;8;;;3;5;4;;;2;1;6
001-100845;1;4;9;;;3;8;2;;;4;4;4;;;2;3;;;1;1;0;;;4;5;1;;;2;0;3;;;3;1;9;;;4;2;4;;;4;2;9;;;3;4;3;;;2;1;6
001-100751;4;4;5;;;4;1;;;1;3;6;;;3;8;5;;;4;0;6;;;4;5;1;;;2;0;3;;;2;6;8;;;3;2;9;;;3;3;3;;;3;1;9;;;4;2;4;;;2;1;6
001-122688;2;1;6;;;5;7;7;;;3;0;5
001-100309;4;4;4;;;1;1;0;;;4;5;1;;;4;2;5;;;2;0;3;;;2;6;8;;;2;6;2;;;3;3;8;;;4;3;7;;;3;5;4;;;2;1;6
001-100602;5;7;0;;;4;2;3;;;4;4;5;;;7;0;;;1;3;6;;;1;8;0;;;1;8;1;;;2;1;6
001-101106;4;4;5
001-100734;4;4;5;;;3;8;5;;;2;9;6;;;2;1;6
001-101122;4;4;5
001-100101;3;5;0
001-101249;4;4;5;;;4;0;;;4;0;6
001-101314;4;4;5;;;7;6;;;3;8;5;;;2;1;6
001-100972;4;4;4;;;1;1;0;;;3;5;0;;;9;0;;;1;9;3;;;1;4;;;1;2;8;;;3;1;0;;;2;1;6
001-100421;4;4;5;;;7;6;;;4;0;6;;;4;4;4;;;1;1;0;;;1;4;;;1;2;8;;;2;1;6
001-100548;
001-100165;
001-100357;3;5;0;;;9;0;;;1;9;3;;;1;4;;;1;2;8;;;3;1;0;;;2;1;6
001-101340;4;4;5
001-100954;1;4;9
001-100259;
001-100055;3;5;4;;;4;4;5;;;7;;;4;0;;;4;1;;;2;1;6
001-124810;1;4;9;;;1;4;8;;;2;6;5;;;5;7;9;;;2;3;8;;;3;5;4
001-100760;3;5;0;;;9;0;;;1;9;3;;;4;4;8;;;9;3;;;2;2;0;;;4;4;5;;;4;1;;;7;0;;;4;5;1;;;4;2;5;;;1;5;4;;;1;5;2;;;1;4;;;2;1;6;;;5;7;7;;;2;8;3
001-101231;4;4;8;;;3;5;0
001-100386;4;4;8;;;4;4;5
001-100003;4;4;5;;;4;4;4
001-100755;4;4;8;;;4;3;8;;;3;3;7;;;2;1;6
001-101250;4;4;5
001-100031;
001-100707;
001-100442;4;4;5
001-100609;4;5;1;;;4;2;9;;;4;2;5;;;2;0;3;;;3;1;9;;;2;6;8;;;3;3;3;;;3;2;9;;;3;5;4
001-101245;4;4;8;;;4;4;5;;;4;4;4
001-100633;4;4;5;;;8;5;;;1;3;6;;;5;5;0;;;3;8;5;;;2;9;6;;;2;1;6
001-64730;1;4;9;;;1;4;8;;;2;0;1;;;3;1;6;;;2;6;5;;;5;7;9;;;3;7;9;;;2;1;6
001-100540;4;4;5
001-100554;1;4;9
001-101225;4;4;5;;;4;4;4
001-100074;
001-100110;4;4;8
001-100883;4;4;5;;;4;0;;;4;1;;;4;9;5;;;2;1;6
001-101448;4;4;5
001-100348;3;4;3;;;1;0;0;;;3;4;9;;;1;3;9;;;2;8;4;;;3;6;9;;;3;0;4
001-100756;1;4;9;;;1;6;1;;;4;5;1;;;4;2;9;;;4;2;5;;;3;1;0;;;4;4;9;;;2;1;6
001-100967;4;4;5
001-101006;4;4;8
001-100747;5;6;6;;;1;5;5;;;3;4;3;;;1;0;0;;;4;4;5;;;8;;;1;3;6;;;1;8;0;;;4;5;1;;;2;0;3;;;2;6;8;;;3;1;9;;;4;2;6;;;4;8;3;;;3;6;9;;;4;8;4
001-100289;4;4;5
001-100376;3;5;0;;;9;0
001-100503;4;4;5;;;7;6;;;1;3;6;;;3;8;5;;;2;1;6
001-101195;1;4;;;1;2;8;;;4;4;5;;;7;6;;;1;1;3;;;7;;;4;0;6;;;2;1;6
001-100487;4;4;5
001-100174;
001-100555;1;4;9
001-101206;4;4;5;;;7;6;;;1;3;6;;;1;1;9;;;2;1;6
001-101303;3;5;0;;;6;2;0;;;6;1;8;;;1;4;;;1;2;8;;;4;7;1;;;4;4;8;;;2;2;0;;;3;3;9;;;4;3;8;;;4;8;1;;;4;4;5;;;7;6;;;3;2;5;;;2;1;6
001-100407;4;4;5
001-100705;4;4;8;;;2;2;8;;;2;2;0;;;3;3;9;;;4;5;6;;;4;8;1;;;3;4;3;;;1;0;0;;;4;4;5;;;7;0;;;4;1;;;1;8;1;;;1;8;0;;;1;3;6;;;3;8;8;;;3;2;5;;;4;0;6;;;1;2;;;1;1;;;8;5;;;1;2;2;;;2;3;2;;;4;3;1;;;1;4;9;;;1;4;8;;;2;0;1;;;2;6;5;;;3;3;1;;;3;4;0;;;9;7;;;1;4;5
001-100616;9;6;;;9;5;;;4;4;4;;;1;1;0;;;4;4;8;;;4;5;;;2;2;0;;;2;2;8;;;3;5;1;;;4;9;4
001-100332;2;8;8;;;5;3;6;;;2;9;1;;;4;3;4;;;2;1;6
001-101234;4;4;5
001-100039;4;4;4;;;1;1;0;;;3;5;0;;;6;2;0;;;2;1;6
001-101476;4;4;5;;;7;0;;;7;6;;;1;8;1;;;4;4;4;;;2;1;6
001-100355;4;4;4;;;1;1;0;;;4;5;1;;;4;2;5;;;2;0;3;;;2;6;8;;;2;6;2;;;3;3;8;;;4;3;7;;;3;5;4;;;2;1;6
001-100604;4;4;5;;;7;0;;;1;3;6;;;1;1;9;;;3;6;9
001-100360;4;4;5
001-100957;
001-100902;4;4;5
001-100791;3;5;0;;;4;4;4;;;3;6;9
001-100864;4;4;5;;;1;3;;;4;1;;;1;3;6;;;2;1;6
001-100750;4;4;5;;;4;1;;;1;3;6;;;3;8;5;;;4;0;6;;;4;5;1;;;2;0;3;;;2;6;8;;;3;2;9;;;3;3;3;;;3;1;9;;;4;2;4;;;2;1;6
001-100305;3;5;0
001-100706;
001-100856;1;4;;;1;2;8;;;2;6;;;1;2;6;;;2;1;4;;;1;4;5;;;1;4;6;;;1;5;4;;;1;5;2;;;3;4;3;;;1;0;0;;;3;6;9;;;9;4;;;3;0;4;;;4;4;5;;;7;;;4;4;4;;;1;1;0
001-100022;4;4;5
001-101404;
001-101083;4;4;5
001-101186;4;4;5;;;4;0;;;4;0;6
001-64732;1;4;9;;;1;4;8;;;2;0;1;;;3;1;6;;;2;6;5;;;5;7;9;;;3;7;9;;;2;1;6
001-100897;4;5;1
001-100885;4;4;5
001-122500;3;5;0;;;4;4;5;;;4;4;4
001-100584;4;4;8;;;4;4;5;;;4;5;1;;;4;2;5;;;4;2;6;;;2;0;3;;;2;6;8;;;3;4;3;;;2;3;2;;;1;4;;;1;2;8;;;5;;;2;6;;;1;2;6;;;2;1;4;;;3;6;9;;;9;4;;;3;0;4
001-100146;
001-100625;1;4;;;1;2;8;;;4;4;5;;;1;1;;;1;2;;;7;0;;;8;5;;;1;2;2;;;1;3;6;;;1;6;4;;;1;8;0;;;1;8;1;;;3;2;5;;;3;8;5;;;3;8;8;;;4;4;0;;;4;4;4;;;1;1;0;;;4;4;8;;;3;5;1;;;4;5;1;;;2;0;3;;;2;6;8;;;4;2;4;;;4;2;9;;;1;8;3;;;2;1;6
001-100916;4;4;8;;;4;0;4
001-100202;2;1;6;;;2;8;3;;;3;0;5
001-100917;4;5;1
001-100385;4;4;8;;;4;4;5
001-100644;2;3;2;;;4;3;1;;;3;4;0;;;9;7;;;4;4;5;;;7;0;;;1;2;2;;;1;3;6;;;3;2;5;;;3;8;5;;;4;4;0;;;2;1;6
001-100978;4;4;5
001-100657;4;4;4;;;1;1;0;;;4;5;1;;;3;1;9;;;1;8;3;;;1;4
001-122498;4;4;5;;;7;6;;;1;3;6;;;1;2;2
001-101390;4;4;8
001-100429;4;4;5;;;4;0;;;7;;;2;1;6
001-100629;1;4;;;1;2;8;;;1;4;9;;;1;4;8;;;2;0;1;;;2;6;5;;;3;3;1;;;5;7;9;;;3;1;6;;;3;4;3;;;1;0;0;;;2;1;6
001-101021;3;4;3;;;4;4;;;1;0;0;;;2;9;8;;;4;6;4;;;2;9;2;;;1;8;3;;;4;9;8;;;6;0;9;;;2;4;1;;;4;7;8;;;2;6;;;1;2;6;;;2;4;3;;;2;2;5;;;4;5;1;;;4;2;5;;;2;3;8;;;2;1;6
001-122447;1;4;;;1;2;8;;;4;7;1;;;3;9;8;;;2;1;6;;;5;7;4;;;4;9;9;;;2;3;8
001-100425;1;4;;;1;2;8;;;4;4;5;;;1;3;;;7;;;2;1;6
001-100499;3;4;3;;;4;4;;;1;0;0;;;2;9;8;;;4;5;1;;;4;2;9
001-101189;4;4;5;;;4;0;;;1;3;6;;;2;1;6
001-100352;4;4;5;;;7;6;;;1;3;6;;;4;0;6;;;2;1;6
001-101485;4;4;5;;;7;6;;;3;8;5;;;2;1;6
001-100969;4;4;5;;;7;6;;;7;0;;;1;3;6;;;4;4;0;;;2;1;6
001-100044;3;4;3;;;1;0;0;;;4;6;4;;;3;5;4;;;4;5;1;;;4;2;5;;;2;1;6
001-101418;
001-100035;6;0;9;;;5;9;;;4;7;8
001-101358;1;4;;;1;2;8;;;4;4;8;;;2;2;0;;;2;2;7;;;4;0;4;;;4;3;8;;;2;1;6
001-101348;4;4;5
001-101150;4;4;4;;;1;1;0;;;3;5;0;;;9;0;;;1;9;3;;;1;4;;;1;2;8;;;3;1;0;;;2;1;6
001-100189;4;4;5
001-101085;1;4;9;;;1;4;8;;;2;6;5;;;2;1;6
001-100395;4;4;5
001-100702;2;1;6
001-100028;
001-101239;4;4;5
001-101145;3;6;9;;;3;0;4;;;3;2;1;;;5;4;2;;;2;1;6
001-100232;1;4;;;1;2;8;;;1;0;9;;;3;5;0;;;9;0;;;4;4;5;;;7;6;;;1;8;0;;;4;0;6;;;4;4;0;;;4;4;4;;;1;1;0;;;4;4;8;;;2;2;0;;;2;2;7;;;3;3;9;;;4;3;8;;;4;8;1;;;2;1;6
001-100478;4;4;5
001-101421;
001-101148;4;4;5;;;7;6;;;7;0;;;1;3;6;;;4;4;0;;;2;1;6
001-101286;4;4;5;;;4;0;;;4;0;6;;;4;4;4
001-100890;4;4;5
001-101452;4;4;5
001-100961;4;4;5;;;4;4;4
001-100470;4;4;5
001-100504;4;4;8;;;2;2;7;;;4;0;4
001-101147;3;5;0;;;9;0;;;1;9;3;;;4;4;8;;;2;2;0;;;2;1;6
001-100409;1;4;;;1;2;8;;;4;4;5;;;1;3;;;7;;;2;1;6
001-100882;1;4;;;1;2;8;;;4;4;5;;;4;0;;;1;3;6;;;2;1;6
001-100535;4;4;5
001-101153;3;4;3;;;1;0;0;;;4;6;4;;;4;5;1;;;4;2;9;;;3;1;0;;;2;1;6
001-100995;4;4;8
001-100408;4;4;5
001-100144;4;4;8
001-101226;4;4;5;;;4;4;4
001-100299;3;5;0;;;9;0;;;5;9;6;;;1;9;3;;;4;9;2;;;1;2;1;;;5;9;4;;;2;1;6;;;5;7;7;;;2;8;3
001-122481;4;4;5;;;7;6;;;7;;;1;4
001-100220;4;4;5;;;1;3;;;4;0;;;3;8;5;;;2;9;6;;;2;1;6
001-100038;4;4;4;;;1;1;0;;;3;5;0;;;6;2;0;;;2;1;6
001-100580;3;4;3;;;1;0;0;;;3;5;0;;;8;9;;;9;0;;;4;4;4;;;1;1;0;;;4;5;1;;;4;2;5;;;2;1;6
001-101088;
001-100570;3;5;0;;;9;0;;;5;9;6;;;1;9;3
001-101434;
001-101012;
001-101474;
001-100399;4;4;5;;;4;4;4
001-101236;4;5;1
001-101266;4;4;5;;;4;0;;;7;;;3;6;9;;;3;0;4
001-101423;
001-101119;4;4;5
001-100010;
001-100112;4;4;8
001-100569;3;5;0;;;9;0;;;5;9;6;;;1;9;3
001-122700;4;4;5;;;8;6
001-100285;4;4;9
001-100168;
001-100108;
001-100236;
001-101397;
001-100563;3;5;0
001-100164;
001-100506;4;4;5;;;7;6;;;1;8;0
001-100327;3;5;4;;;3;6;9;;;3;2;1;;;9;4;;;4;4;5;;;7;;;4;0;;;1;8;0;;;1;8;1;;;3;4;3;;;2;1;6
001-101326;4;4;9;;;3;5;0;;;4;4;8;;;4;4;4
001-101087;
001-101478;4;4;5
001-101209;4;4;5;;;4;0;;;7;;;3;6;9;;;3;0;4
001-100190;4;4;8;;;9;3;;;2;2;8;;;2;7;5;;;4;5;6;;;2;1;6
001-100173;
001-101468;4;4;5;;;7;6;;;1;8;0
001-100498;3;4;3;;;4;4;;;1;0;0;;;2;9;8;;;4;5;1;;;4;2;9
001-124828;4;4;5
001-101456;4;4;5
001-101417;
001-101450;4;4;8;;;4;4;5
001-101457;4;4;5
001-100848;1;4;;;1;2;8;;;4;4;5;;;1;8;0;;;2;1;6
001-100552;1;4;9
001-100415;4;4;5
001-100600;4;5;1;;;6;2;8;;;4;2;5;;;4;2;9;;;2;6;8;;;3;2;9;;;3;3;3;;;2;1;6;;;5;7;7;;;2;8;3
001-100641;1;4;;;1;2;8;;;1;2;7;;;4;4;5;;;4;1;;;1;3;6;;;3;8;5;;;4;0;6;;;2;1;6
001-101205;4;4;5;;;7;6;;;4;0;6
001-100759;1;4;5;;;1;4;1;;;2;8;7;;;3;1;0;;;2;3;8;;;3;6;9;;;3;0;4;;;4;4;5;;;1;3;;;4;1;;;4;4;4;;;1;1;0;;;2;3
001-122689;3;5;0;;;9;0;;;5;9;6;;;1;9;3;;;4;4;8;;;2;2;8;;;4;5;9
001-100354;4;4;5;;;1;3;;;4;0;6;;;4;4;4;;;1;1;0;;;2;1;6;;;2;6;;;6;3;8;;;6;3;6
001-100733;4;4;4;;;1;1;0;;;4;4;8;;;4;5;;;2;2;0;;;2;2;8;;;3;5;1;;;4;5;9;;;4;8;1;;;2;1;6
001-100926;3;4;3;;;4;4;;;1;0;0;;;2;9;8;;;4;6;4;;;2;9;2;;;1;8;3;;;4;9;8;;;6;0;9;;;2;4;1;;;4;7;8;;;2;6;;;1;2;6;;;2;4;3;;;2;2;5;;;4;5;1;;;4;2;5;;;2;3;8;;;2;1;6
001-101092;4;4;5
001-101230;4;4;5
001-100762;4;4;5;;;4;1;;;1;3;6;;;1;8;0;;;1;8;1;;;3;8;5;;;2;1;6
001-100414;4;4;5
001-100560;4;4;5
001-100147;4;4;5
001-100521;4;4;5
001-101470;4;4;5;;;4;0;;;7;;;2;1;6
001-100892;4;4;5
001-101260;4;4;5;;;1;3;;;4;0;6;;;4;4;4
001-101336;4;4;5
001-100119;4;5;1;;;4;2;5;;;2;6;8;;;1;0;7;;;3;5;4;;;2;1;6
001-101277;4;4;5;;;3;6;9
001-101301;4;4;5;;;4;0;;;4;0;6
001-100854;4;4;5;;;4;0;6;;;4;5;1;;;4;2;5;;;2;1;6;;;5;7;7;;;2;8;3
001-100445;
001-100509;4;5;1;;;4;2;6;;;2;6;8;;;3;7;6;;;3;5;4;;;2;1;6
001-122483;4;5;1;;;6;2;8;;;4;2;5;;;4;2;9;;;2;0;3;;;3;1;9;;;4;4;4;;;1;1;0;;;1;8;3;;;4;9;8;;;2;1;6;;;2;3;8
001-100454;1;4;5;;;1;5;1;;;2;0;2;;;2;6;6;;;1;8;3;;;4;9;8;;;1;4;;;1;2;8;;;3;5;4;;;2;1;6
001-100159;
001-122357;4;4;5;;;4;0;;;4;0;6
001-100255;1;8;3;;;4;9;8;;;3;6;9;;;3;0;4;;;4;4;5;;;7;;;1;1;3;;;4;0;6;;;2;1;6
001-101179;1;4;9;;;1;4;8;;;2;0;1;;;2;6;5;;;5;7;9;;;3;7;9;;;3;5;4
001-101323;3;5;0;;;9;0;;;4;4;8;;;9;3;;;2;9;;;4;5;;;5;7;0;;;4;2;3;;;4;5;1;;;4;2;4;;;2;0;3;;;2;1;6
001-124808;4;4;8;;;4;5
001-100468;4;5;1;;;4;2;5;;;4;2;9;;;2;3;8;;;3;1;0;;;2;1;6
001-101094;4;4;5
001-100744;1;8;3;;;4;9;8;;;4;4;5;;;1;3;6;;;3;2;5;;;4;0;6;;;4;5;1;;;2;0;3;;;2;6;8;;;1;0;7;;;3;1;9;;;4;2;4;;;4;2;6;;;4;2;9;;;2;1;6
001-100178;
001-100752;1;4;;;1;2;8;;;3;6;9;;;3;1;1;;;4;4;5;;;4;1;;;1;3;6;;;4;0;6;;;2;1;6
001-100254;3;5;4;;;3;6;9;;;6;2;;;4;4;4;;;1;1;0;;;4;5;1;;;2;6;8;;;3;2;9;;;3;3;3;;;3;9;1;;;4;2;6
001-100353;4;4;8;;;2;2;0;;;5;9;8;;;2;1;6
001-122480;2;9;3;;;2;1;0;;;1;4;;;2;1;6;;;5;7;3;;;4;2;7;;;4;4;6;;;3;1;0
001-100515;4;4;5
001-100093;1;4;;;1;2;8;;;3;9;8;;;3;5;0;;;9;0;;;5;9;6;;;1;9;3;;;2;1;6
001-100963;3;5;0;;;4;4;4
001-122455;4;4;5;;;4;0;;;7;;;3;6;9;;;1;6;8
001-101407;
001-101449;4;4;5
001-101112;4;4;5
001-101252;4;4;5;;;4;0;;;4;0;6
001-100011;
001-100096;1;4;;;1;2;8;;;3;9;8;;;3;5;0;;;9;0;;;5;9;6;;;1;9;3;;;2;1;6
001-100704;4;4;5;;;7;;;1;3;6;;;1;1;9;;;3;8;5;;;2;9;6;;;2;1;6
001-100079;2;1;6;;;6;9;;;5;7;7;;;2;8;3;;;3;0;5
001-101212;4;4;4;;;1;1;0;;;1;4;;;1;2;8;;;4;7;1;;;4;5;1;;;4;2;9;;;2;0;3;;;2;6;8;;;3;3;3;;;3;7;6;;;3;5;4
001-100098;
001-100483;4;4;5;;;4;4;4
001-100187;4;4;5
001-100009;4;4;5
001-100006;4;4;5;;;4;4;4
001-100621;4;4;5;;;4;1;;;1;3;6;;;1;8;1;;;1;8;0
001-100508;4;5;1;;;4;2;6;;;2;6;8;;;3;7;6;;;3;5;4;;;2;1;6
001-100635;3;5;0;;;1;9;2;;;1;9;3;;;4;4;4;;;1;1;0;;;4;4;9;;;2;3;1;;;4;5;1;;;2;1;6
001-100142;3;5;0
001-101118;4;4;5
001-100553;1;4;9
001-101428;
001-100679;2;1;6;;;5;7;7;;;2;8;3;;;3;0;5
001-100914;3;5;0
001-122473;4;4;4;;;1;1;0;;;5;6;6;;;1;5;9;;;2;7;0;;;3;7;2;;;3;7;8;;;3;5;4
001-101410;
001-100326;4;4;5;;;7;;;7;6;;;8;5;;;3;8;5;;;2;9;6;;;2;1;6
001-101176;3;5;0;;;9;0;;;5;9;6;;;1;9;3;;;4;4;8;;;2;2;0;;;4;0;4;;;4;4;5;;;7;6;;;4;0;6
001-101259;4;4;5;;;1;3;;;4;0;6;;;4;4;4
001-101078;3;5;0;;;5;9;6;;;1;9;3;;;4;9;2;;;6;0;9;;;4;7;8
001-100989;4;4;5;;;4;0;;;7;;;2;1;6;;;2;6;;;6;3;8;;;6;3;6;;;3;6;9;;;3;0;4;;;3;1;1
001-101331;4;4;5
001-100018;4;4;5
001-101447;
001-101297;1;4;;;1;2;8;;;4;4;5;;;7;6;;;1;1;3;;;7;;;4;0;6;;;2;1;6
001-100599;4;4;5;;;4;1;;;1;3;6;;;1;8;1;;;4;0;6;;;2;1;6
001-100025;3;6;9;;;3;0;4;;;5;0;9;;;3;2;1;;;2;1;6
001-100104;
001-100901;4;4;5
001-101501;4;4;5;;;7;6;;;1;3;6;;;3;2;5;;;4;4;0
001-100565;4;4;9
001-124816;4;4;5;;;4;0;6;;;4;0;;;2;1;6
001-100595;1;4;;;1;2;8;;;4;0;2;;;4;4;5;;;1;3;6;;;1;6;4;;;2;1;6
001-100596;1;4;;;1;2;8;;;5;;;3;5;0;;;1;9;3;;;1;9;2;;;3;1;0;;;4;4;5;;;4;0;;;7;;;4;4;4;;;1;1;0;;;4;4;8;;;2;2;0;;;4;0;4;;;2;0;9;;;3;0;;;4;9;4;;;4;3;8;;;4;8;1;;;1;8;3;;;1;7;7;;;2;1;6
001-100380;3;5;0
001-100732;4;4;4;;;1;1;0;;;4;4;8;;;4;5;;;2;2;0;;;2;2;8;;;3;5;1;;;4;5;9;;;4;8;1;;;2;1;6
001-101229;4;4;5
001-100176;3;5;0
001-100628;1;4;9;;;1;5;8;;;2;0;1;;;3;1;6;;;2;6;5;;;3;7;9
001-100095;4;4;5
001-101431;4;4;8
001-100154;
001-100956;
001-101280;
001-100153;4;4;5
001-122497;3;4;3;;;1;0;0;;;2;9;8;;;2;9;2;;;2;1;6;;;5;7;3
001-101198;3;5;0;;;5;9;6;;;1;9;3
001-100198;4;4;8;;;4;4;4;;;3;5;0
001-101299;4;4;5;;;7;6;;;1;3;6;;;1;1;9;;;2;1;6
001-100944;3;6;9;;;3;0;4;;;3;2;1;;;5;4;2;;;2;1;6
001-100182;1;8;3;;;2;3;4;;;3;6;9;;;3;0;4;;;4;4;5;;;7;;;4;0;;;1;1;3;;;1;3;6;;;4;0;6;;;6;0;9;;;5;9;;;4;7;8;;;2;1;6
001-100545;4;5;1
001-122486;1;4;5;;;1;4;6;;;2;0;2;;;2;6;6;;;3;3;2;;;3;7;5;;;3;9;0;;;3;1;7;;;3;5;4
001-100080;
001-101173;4;4;4;;;1;1;0;;;3;5;0;;;9;0;;;1;9;3;;;4;4;8;;;3;3;9;;;2;2;7;;;4;4;5;;;7;6;;;4;0;6;;;2;1;6
001-100184;4;4;5
001-100709;4;4;5;;;7;6;;;1;3;6;;;5;0;2;;;4;4;0;;;2;1;6
001-101422;
001-100319;3;5;0;;;1;9;3;;;4;4;9;;;2;3;1;;;4;9;6;;;2;1;6
001-100016;4;4;5;;;4;4;4
001-101211;4;4;5;;;4;0;;;4;0;6
001-100266;4;4;9;;;5;9;5;;;2;3;1;;;3;5;0;;;9;0;;;1;9;3;;;4;9;2;;;1;2;1;;;5;9;4;;;2;1;6;;;5;7;7;;;2;8;3;;;3;0;5
001-101265;
001-100622;1;4;;;1;2;8;;;1;8;3;;;4;9;8;;;3;4;3;;;1;0;0;;;4;6;4;;;4;5;1;;;4;2;5;;;4;2;9;;;2;1;6;;;5;7;0
001-100678;2;1;6;;;5;7;7;;;2;8;3;;;3;0;5
001-100524;4;4;5
001-100262;
001-100075;
001-101089;4;4;5
001-100257;
001-122698;3;5;0;;;9;0;;;1;9;3;;;4;4;8;;;2;2;7;;;4;4;5;;;7;6;;;4;0;6
001-100607;3;5;0;;;1;9;2;;;1;9;3;;;4;5;1;;;2;0;3;;;2;6;8;;;1;0;7;;;3;9;1;;;3;1;9;;;4;2;5;;;2;1;6
001-100663;4;4;5
001-100137;4;4;5
001-100145;
001-100655;4;4;8;;;2;2;0;;;4;7;4;;;4;5;;;2;1;6
001-122694;3;5;0;;;8;9;;;1;9;2;;;2;1;6;;;3;5;4
001-100951;3;5;0
001-100323;1;4;;;1;2;8;;;4;4;5;;;4;0;;;5;7;;;4;0;6;;;4;4;4;;;1;1;0;;;2;1;6
001-100895;4;5;1
001-101100;4;4;5
001-100729;4;4;5;;;4;1;;;9;8;;;7;0;;;1;8;0;;;1;8;1;;;1;8;3;;;2;1;6
001-100122;1;8;3;;;4;9;8;;;3;5;4;;;4;5;1;;;2;6;8;;;1;0;7;;;4;2;5;;;2;1;6
001-100614;1;4;;;1;2;8;;;5;6;6;;;1;5;0;;;1;5;5;;;2;3;2;;;4;3;1;;;4;4;8;;;1;3;5;;;2;2;0;;;2;2;8;;;4;5;6;;;4;5;9;;;4;8;1;;;2;1;6
001-101293;1;4;9;;;1;4;8;;;2;0;1;;;2;6;5;;;5;7;9;;;3;7;9;;;3;5;4
001-101082;3;5;0;;;9;0;;;1;9;3;;;4;4;8;;;2;2;0;;;3;3;9;;;2;1;6
001-101486;1;4;5;;;1;5;1;;;2;0;2;;;2;6;6;;;3;7;5;;;3;5;4
001-100390;4;4;5
001-100171;
001-100858;4;4;5;;;7;6;;;1;8;0;;;1;8;1;;;4;4;0;;;4;4;8;;;4;5;;;2;0;9;;;3;3;7;;;4;4;4;;;2;1;6
001-101399;
001-100203;2;1;6;;;2;8;3;;;3;0;5
001-101400;
001-100072;
001-122485;1;4;;;3;9;8;;;1;4;9;;;1;4;8;;;2;0;1;;;2;6;5;;;3;2;7;;;3;3;1;;;3;8;9;;;3;4;0;;;9;7;;;3;5;4;;;4;4;5;;;7;6;;;1;3;6;;;2;1;6
001-100032;6;0;9;;;5;9;;;4;7;8
001-124813;1;4;;;1;2;8;;;4;4;5;;;7;6;;;1;3;6;;;1;5;;;1;8;0;;;1;8;1;;;4;0;6;;;4;4;0;;;4;4;4;;;2;1;6
001-100076;
001-101492;4;4;5;;;4;0;;;1;3;6;;;2;1;6
001-100284;4;4;5;;;4;4;4
001-122448;4;4;5;;;4;0;;;7;;;1;4
001-100626;1;4;;;1;2;8;;;4;4;5;;;1;1;;;1;2;;;7;0;;;8;5;;;1;2;2;;;1;3;6;;;1;6;4;;;1;8;0;;;1;8;1;;;3;2;5;;;3;8;5;;;3;8;8;;;4;4;0;;;4;4;4;;;1;1;0;;;4;4;8;;;3;5;1;;;4;5;1;;;2;0;3;;;2;6;8;;;4;2;4;;;4;2;9;;;1;8;3;;;2;1;6
001-101477;4;4;5
001-101191;4;4;5;;;4;0;;;1;3;6;;;1;5;;;4;0;6
001-100516;4;4;5
001-100796;4;4;5
001-101341;4;4;5
001-101020;4;4;5
001-100071;
001-101019;4;4;5
001-101433;
001-100240;5;7;2;;;9;;;5;4;5;;;5;4;6;;;2;1;6
001-101081;3;5;0;;;9;0;;;1;9;3;;;4;4;8;;;2;2;0;;;3;3;9;;;2;1;6
001-100033;4;4;9;;;3;5;0;;;4;4;8;;;4;4;4
001-100753;1;4;;;1;2;8;;;3;6;9;;;3;1;1;;;4;4;5;;;4;1;;;1;3;6;;;4;0;6;;;2;1;6
001-100271;3;5;0;;;9;0;;;1;9;2;;;1;9;3;;;4;4;8;;;4;3;8;;;4;8;1
001-100558;1;4;9;;;1;4;8
001-100160;
001-101262;
001-100446;
001-101204;4;4;5;;;7;6;;;4;0;6
001-100713;1;8;3;;;4;9;8;;;4;4;5;;;1;3;6;;;4;0;6;;;4;4;4;;;1;1;0;;;5;7;3;;;4;4;6;;;4;2;8;;;4;5;1;;;2;0;3;;;2;6;8;;;3;5;8;;;3;6;5;;;3;7;6;;;3;1;9;;;4;2;5;;;2;1;6
001-122487;1;4;9;;;1;4;8;;;2;6;5;;;3;7;9;;;5;7;9;;;2;3;8;;;3;5;4;;;1;4;5;;;2;6;6;;;2;1;6
001-101009;4;4;8
001-100966;4;4;5
001-100582;3;6;9;;;3;0;4;;;6;2;;;1;6;7;;;5;0;9;;;3;5;4;;;2;3;8;;;4;4;5;;;7;0;;;4;1
001-101499;4;5;1;;;4;2;5;;;2;6;8;;;3;7;6;;;3;5;4
001-101292;4;4;8;;;2;2;0;;;1;8
001-100138;4;4;5
001-100063;4;5;1;;;2;0;3;;;2;6;8;;;4;2;5;;;4;2;6;;;2;1;6
001-100162;
001-101210;4;4;5;;;4;0;;;4;0;6
001-101181;4;4;5;;;4;0;;;4;0;6
001-100256;
001-100761;3;5;0;;;9;0;;;1;9;3;;;4;4;8;;;9;3;;;2;2;0;;;4;4;5;;;4;1;;;7;0;;;4;5;1;;;4;2;5;;;1;5;4;;;1;5;2;;;1;4;;;2;1;6;;;5;7;7;;;2;8;3
001-100314;4;4;5;;;4;0;;;4;0;6;;;6;0;9;;;4;7;8;;;5;9;;;2;1;6;;;6;9;;;2;8;3
001-100297;4;5;1;;;4;2;5;;;3;4;3;;;4;4;;;1;0;0;;;4;1;3;;;1;4;;;1;2;8
001-101271;
001-101463;3;5;0;;;4;4;4;;;4;5;1
001-100260;
001-100381;3;5;0
001-100315;1;4;;;1;2;8;;;1;8;3;;;3;0;8;;;3;5;0;;;9;0;;;4;4;4;;;2;1;6
001-101177;4;4;8;;;2;2;0;;;1;8
001-100024;3;6;9;;;3;0;4;;;5;0;9;;;3;2;1;;;2;1;6
001-101475;
001-100981;4;4;5
001-101248;4;4;5;;;4;0;;;4;0;6
001-100230;
001-100307;4;4;5;;;1;3;;;4;0;6;;;4;4;4;;;1;1;0;;;2;1;6;;;2;6;;;6;3;8;;;6;3;6
001-101403;
001-101108;4;4;5
001-122456;3;5;0;;;9;0;;;1;9;3
001-101272;4;4;5;;;4;0;;;4;0;6
001-100994;4;4;5
001-100281;4;4;8;;;2;2;0;;;5;9;8;;;2;1;6
001-101414;
001-122687;2;1;6;;;5;7;7;;;2;8;3;;;3;0;5
001-101332;4;4;5
001-101097;4;4;5
001-101182;4;4;5;;;4;0;;;4;0;6
001-100239;3;4;3;;;1;0;0;;;3;6;9;;;3;1;1;;;4;4;5;;;4;0;;;4;1;;;4;4;4;;;1;1;0
001-101143;4;4;5;;;1;3;;;4;0;;;1;3;6;;;1;1;9;;;3;8;5;;;4;0;6;;;2;1;6
001-100204;1;4;9;;;1;4;8;;;2;0;1;;;3;1;6;;;1;4;0;;;2;6;5;;;3;7;9;;;2;3;8;;;4;4;5;;;4;5;1;;;2;1;6
001-100244;3;4;3;;;1;0;0;;;4;4;4;;;1;1;0;;;4;4;9;;;2;3;1;;;4;9;6;;;4;;;3;3;5;;;2;1;6
001-101396;
001-101228;4;4;5
001-101401;
001-101104;4;4;5
001-100441;4;4;5
001-100109;
001-100754;1;4;;;1;2;8;;;3;6;9;;;3;1;1;;;4;4;5;;;4;1;;;1;3;6;;;4;0;6;;;2;1;6
001-100206;4;4;5;;;7;0;;;7;6;;;1;8;1;;;4;4;4;;;2;1;6
001-100219;1;8;3;;;4;9;8;;;4;4;5;;;1;2;2;;;1;3;6;;;4;4;0;;;4;5;1;;;2;0;3;;;2;6;8;;;3;2;9;;;3;1;9;;;4;2;4;;;4;2;9;;;2;1;6
001-100377;3;5;0;;;5;9;6;;;4;9;2;;;1;2;1;;;5;2;3;;;2;1;6;;;5;7;7;;;2;8;3
001-124826;
001-100298;4;4;5;;;4;0;;;3;8;8;;;2;1;6
001-101185;4;4;5;;;4;0;;;4;0;6
001-100440;4;4;5
001-100612;1;4;9;;;1;4;8;;;2;0;1;;;2;6;5;;;3;7;9;;;2;3;8;;;3;5;4;;;2;1;6
001-100743;1;8;3;;;4;9;8;;;4;4;5;;;1;3;6;;;3;2;5;;;4;0;6;;;4;5;1;;;2;0;3;;;2;6;8;;;1;0;7;;;3;1;9;;;4;2;4;;;4;2;6;;;4;2;9;;;2;1;6
001-100899;4;4;5
001-100243;4;4;5;;;4;0;;;3;8;5;;;1;2;5;;;1;3;6;;;1;1;9;;;2;1;6
001-100389;4;4;5
001-122471;4;4;5;;;4;0;;;7;6;;;4;0;6;;;4;4;4;;;1;1;0;;;1;4;;;6;2;3;;;6;2;2;;;6;2;1;;;2;1;6
001-100913;3;5;0
001-101338;3;5;0
001-100148;4;4;5
001-100136;4;4;5
001-101040;4;4;5
001-100192;1;8;3;;;2;3;4;;;3;6;9;;;3;0;4;;;4;4;5;;;7;;;4;0;;;1;1;3;;;1;3;6;;;4;0;6;;;6;0;9;;;5;9;;;4;7;8;;;2;1;6
001-101436;4;4;5
001-100551;1;4;9
001-100990;4;4;8
001-100800;4;4;5
001-100893;4;4;5
001-101441;4;4;8;;;4;4;5
001-101093;4;4;5
001-101183;3;5;0;;;9;0;;;5;9;6;;;1;9;3
001-101243;4;4;5
001-122499;4;5;1;;;4;2;5;;;3;1;0;;;2;3;8;;;2;1;6
001-101098;4;4;5
001-101175;3;5;0;;;9;0;;;5;9;6;;;1;9;3;;;4;4;8;;;2;2;0;;;4;0;4;;;4;4;5;;;7;6;;;4;0;6
001-100300;
001-100161;
001-100492;4;5;1;;;4;2;5;;;2;1;6
001-101461;3;5;0
001-100857;1;4;;;1;2;8;;;2;6;;;1;2;6;;;2;1;4;;;1;4;5;;;1;4;6;;;1;5;4;;;1;5;2;;;3;4;3;;;1;0;0;;;3;6;9;;;9;4;;;3;0;4;;;4;4;5;;;7;;;4;4;4;;;1;1;0
001-100077;
001-100167;4;4;5
001-100396;4;4;5
001-100447;
001-100462;4;4;5;;;4;0;;;4;0;6;;;1;4;;;6;2;1
001-100904;4;4;4;;;1;1;0;;;4;4;9;;;5;9;5;;;2;3;1
001-100838;2;1;6;;;5;7;7;;;3;0;5
001-100443;4;4;5
001-100567;
001-101454;4;4;5
001-100597;1;4;9;;;1;4;8;;;1;5;8;;;1;6;1;;;2;0;1;;;2;3;0;;;2;6;5;;;3;2;6;;;3;3;1;;;3;1;6;;;2;1;6
001-101115;4;4;5
001-100233;
001-101489;4;4;5
001-100172;
001-100036;4;4;8;;;4;4;5
